1 2
1 3
1 4
1 5
1 6
1 7
1 8
1 9
1 10
1 11
1 12
1 13
1 14
1 15
1 16
1 17
1 18
1 19
1 20
1 21
1 22
1 23
1 24
1 25
1 26
1 27
1 28
1 29
1 30
1 31
1 32
1 33
1 34
1 35
1 36
1 37
1 38
1 39
1 40
1 41
1 42
1 43
1 44
1 45
1 46
1 47
1 48
1 49
1 50
40 42
13 15
4 42
47 34
15 10
33 18
22 34
23 13
30 12
25 43
8 19
13 4
32 5
4 30
18 34
14 15
33 4
48 37
38 22
42 10
33 12
4 8
14 42
43 34
41 19
14 8
2 17
36 34
29 23
23 8
4 19
20 43
20 34
18 20
14 23
23 12
40 13
44 32
25 18
16 13
13 30
22 43
25 39
48 24
8 42
29 4
14 29
14 4
13 19
36 39
22 4
18 43
15 12
33 34
17 34
4 49
18 39
43 15
17 47
29 42
15 42
34 39
4 34
43 12
13 8
29 30
40 23
23 42
4 17
29 8
18 36
33 43
22 47
45 13
45 4
25 34
29 13
25 36
2 47
22 17
36 4
18 17
20 4
29 43
13 12
14 13
4 15
25 4
29 15
14 10
16 4
4 12
40 29
20 36
43 4
43 39
22 2
31 37
40 4
45 23
36 43
23 4
23 15
45 8
33 36
9 32
15 30
2 4
18 22
25 20
13 42
23 10
9 5
15 49
33 39
14 40
38 17
29 45
36 17
38 47
38 2
9 44
33 25
18 4
29 12
42 12
20 22
41 8
4 39