1 2
1 3
1 4
1 5
1 6
1 7
1 8
1 9
1 10
1 11
1 12
1 13
1 14
1 15
1 16
1 17
1 18
1 19
1 20
1 21
1 22
1 23
1 24
1 25
1 26
1 27
1 28
1 29
1 30
1 31
1 32
1 33
1 34
1 35
1 36
1 37
1 38
1 39
1 40
1 41
1 42
1 43
1 44
1 45
1 46
1 47
1 48
1 49
1 50
1 51
1 52
1 53
1 54
1 55
1 56
1 57
1 58
1 59
1 60
1 61
1 62
1 63
1 64
1 65
1 66
1 67
1 68
1 69
1 70
1 71
1 72
1 73
1 74
1 75
1 76
1 77
1 78
1 79
1 80
1 81
1 82
1 83
1 84
1 85
1 86
1 87
1 88
1 89
1 90
1 91
1 92
1 93
1 94
1 95
1 96
1 97
1 98
1 99
1 100
1 101
1 102
1 103
1 104
1 105
1 106
1 107
1 108
1 109
1 110
1 111
1 112
1 113
1 114
1 115
1 116
1 117
1 118
1 119
1 120
1 121
1 122
1 123
1 124
1 125
1 126
1 127
1 128
1 129
1 130
1 131
1 132
1 133
1 134
1 135
1 136
1 137
1 138
1 139
1 140
1 141
1 142
1 143
1 144
1 145
1 146
1 147
1 148
1 149
1 150
1 151
1 152
1 153
1 154
1 155
1 156
1 157
1 158
1 159
1 160
1 161
1 162
1 163
1 164
1 165
1 166
1 167
1 168
1 169
1 170
1 171
1 172
1 173
1 174
1 175
1 176
1 177
1 178
1 179
1 180
1 181
1 182
1 183
1 184
1 185
1 186
1 187
1 188
1 189
1 190
1 191
1 192
1 193
1 194
1 195
1 196
1 197
1 198
1 199
1 200
1 201
1 202
1 203
1 204
1 205
1 206
1 207
1 208
1 209
1 210
1 211
1 212
1 213
1 214
1 215
1 216
1 217
1 218
1 219
1 220
1 221
1 222
1 223
1 224
1 225
1 226
1 227
1 228
1 229
1 230
1 231
1 232
1 233
1 234
1 235
1 236
1 237
1 238
1 239
1 240
1 241
1 242
1 243
1 244
1 245
1 246
1 247
1 248
1 249
1 250
1 251
1 252
1 253
1 254
1 255
1 256
1 257
1 258
1 259
1 260
1 261
1 262
1 263
1 264
1 265
1 266
1 267
1 268
1 269
1 270
1 271
32 173
119 249
270 92
50 157
268 66
148 142
181 225
72 212
182 57
148 184
143 118
18 128
195 193
109 173
83 123
125 24
72 18
183 61
233 114
68 87
189 27
227 238
53 117
193 249
199 173
268 190
111 126
233 143
120 154
144 66
149 47
157 2
221 92
156 180
24 143
116 61
134 210
130 2
57 161
20 183
144 70
196 90
165 59
256 48
149 119
260 165
157 104
84 89
45 253
240 118
250 67
73 99
2 67
134 183
33 140
218 128
5 180
92 154
181 189
149 22
74 105
153 227
129 155
162 208
125 261
211 108
253 136
193 214
134 220
45 66
193 143
8 236
58 139
24 117
53 50
85 16
34 53
142 140
202 8
216 185
121 59
75 249
131 65
195 259
108 171
74 48
125 249
137 180
156 52
72 139
120 231
134 20
162 146
260 239
105 212
113 94
136 7
142 33
203 91
53 107
168 241
248 165
190 146
9 6
209 66
156 209
53 121
180 237
199 115
55 226
45 227
248 190
58 136
163 252
39 242
193 261
231 135
64 3
157 121
11 47
20 116
79 14
111 129
23 62
222 67
143 249
220 177
193 2
260 57
69 139
211 183
225 62
10 107
148 225
13 259
69 161
253 221
45 161
85 11
256 11
176 146
250 226
83 104
27 183
227 102
256 20
53 112
8 132
148 6
202 11
199 238
69 124
216 3
174 123
174 118
85 130
83 255
195 47
5 115
4 181
125 214
256 19
118 203
67 140
30 202
83 66
32 16
94 87
32 11
270 59
168 227
228 2
169 227
244 135
68 94
129 146
198 61
162 233
169 132
137 241
74 247
41 256
74 60
219 202
268 248
94 205
270 16
260 176
136 139
63 111
92 102
270 236
164 247
63 235
181 260
162 244
248 246
72 64
199 130
198 199
260 48
193 198
248 121
129 157
145 239
23 82
190 173
136 225
148 177
238 38
145 267
85 86
173 47
77 89
18 177
253 161
208 144
202 173
11 243
270 186
37 62
116 235
53 66
210 235
232 183
195 14
134 211
195 189
120 7
168 127
129 244
134 265
153 222
259 27
24 67
4 225
53 70
109 121
192 48
45 120
215 253
131 51
23 57
137 140
172 62
69 38
3 183
216 159
189 14
83 118
118 47
243 173
10 57
244 66
145 244
199 270
144 210
260 16
187 267
102 183
69 53
32 243
211 14
173 102
81 227
130 37
195 132
208 109
72 3
125 222
36 84
4 51
153 176
233 53
262 53
269 127
78 11
109 99
259 61
92 139
157 66
186 267
209 98
27 49
41 260
213 185
240 75
16 92
270 169
145 135
156 153
145 194
181 108
143 261
43 127
193 83
204 242
198 94
177 128
172 19
260 107
134 203
11 16
10 190
51 79
59 135
41 131
148 189
148 212
240 91
134 181
222 25
87 14
83 2
96 188
198 201
57 144
256 53
270 38
109 2
218 51
21 35
195 142
69 8
39 251
134 116
251 5
198 173
162 66
173 50
214 249
134 235
23 10
225 14
261 75
4 20
77 84
45 124
202 153
220 120
11 120
85 69
72 203
242 104
8 130
87 183
260 173
153 66
180 140
162 70
199 107
137 153
78 32
111 112
23 53
179 59
120 227
33 104
83 226
79 239
82 107
33 62
270 126
57 92
148 231
29 173
185 51
149 48
189 153
164 25
64 231
78 271
69 11
153 154
132 227
126 87
259 173
253 94
33 2
41 190
106 117
110 240
162 130
198 243
41 161
202 81
193 62
228 237
41 52
57 66
253 238
260 161
16 102
169 153
183 35
198 153
162 242
111 173
58 120
149 180
190 183
211 20
72 47
148 64
256 183
45 236
240 116
240 143
216 142
85 2
209 146
188 135
195 155
34 95
95 247
199 153
137 203
137 183
142 184
81 253
166 26
153 173
81 38
4 116
199 222
216 64
153 14
243 53
44 224
132 139
8 223
169 253
30 29
270 239
215 59
270 73
51 146
256 190
226 9
125 75
243 61
32 104
8 102
134 171
29 175
52 252
253 102
112 6
83 174
216 220
11 92
250 174
179 224
117 140
109 66
8 227
206 239
125 143
228 137
79 171
33 123
143 214
55 240
207 90
11 259
172 148
111 116
173 115
110 156
20 223
57 227
30 78
209 121
150 151
163 52
181 142
39 8
203 17
248 2
187 61
230 49
83 62
57 53
260 132
110 177
69 102
166 194
163 260
162 165
195 39
191 231
189 183
132 253
58 212
169 139
148 3
81 173
64 159
181 140
181 180
153 87
20 14
181 33
32 132
180 192
154 239
169 94
257 258
153 161
151 91
226 203
163 173
137 225
165 2
256 193
182 129
122 254
68 19
13 49
156 210
156 137
153 92
198 111
130 48
251 154
85 93
32 169
193 225
260 92
142 64
228 48
152 103
45 132
34 244
70 66
199 154
24 75
81 16
105 7
119 62
24 214
132 242
134 117
4 146
250 55
16 138
268 53
10 53
180 48
244 267
267 135
106 91
268 209
202 187
169 92
94 115
160 165
270 215
182 82
45 260
198 238
199 94
220 231
11 253
221 7
188 170
124 38
216 18
4 230
174 62
69 81
85 30
186 187
132 26
18 51
187 235
16 38
4 183
268 132
69 16
126 173
240 214
119 75
113 126
236 154
255 132
256 32
10 144
202 270
45 109
228 260
232 101
230 27
260 153
260 243
255 261
97 203
162 83
60 247
3 159
19 249
41 51
230 237
7 225
13 237
53 176
157 79
186 145
125 55
11 173
162 190
239 183
41 96
241 27
43 158
95 2
250 182
130 244
23 151
203 225
16 236
169 102
193 170
124 238
85 43
121 70
10 70
82 53
195 161
244 73
147 194
134 86
268 10
214 75
195 251
5 57
179 232
248 129
24 249
28 222
86 171
52 82
253 154
184 159
4 239
33 53
130 121
24 203
55 174
127 62
173 238
148 251
41 165
165 99
230 241
81 132
101 267
185 231
55 112
165 121
264 206
119 91
143 62
162 57
85 154
162 248
16 94
134 259
21 188
110 212
143 203
187 222
268 165
214 62
130 190
119 185
216 184
6 231
231 225
85 57
21 37
105 258
20 231
83 9
110 266
128 3
195 203
94 183
110 153
108 140
63 133
260 180
247 26
93 65
270 161
130 66
132 154
73 176
86 157
11 107
181 237
53 238
166 245
109 107
240 225
248 70
212 61
260 53
39 223
232 242
243 176
30 175
23 244
250 123
264 222
143 91
248 144
240 24
148 81
58 7
214 203
119 241
23 107
93 37
83 51
149 137
264 25
222 98
174 127
129 104
253 120
170 37
209 144
32 271
69 94
235 61
81 7
23 11
149 117
32 153
137 104
21 151
93 21
142 189
19 104
259 48
72 227
148 218
8 238
11 61
227 236
162 132
195 60
202 102
185 203
72 61
195 126
85 71
55 75
210 2
253 139
110 178
193 81
153 115
95 127
11 81
158 98
177 3
74 28
181 153
195 148
23 249
45 270
111 141
21 135
260 169
162 166
153 102
221 139
18 255
232 68
259 180
8 81
12 240
123 192
184 3
86 116
154 139
193 55
177 212
190 107
267 154
190 66
221 136
212 47
22 226
165 104
190 121
211 235
121 154
83 74
147 127
45 38
153 238
193 119
199 126
70 146
270 102
241 14
85 92
81 14
210 187
162 109
24 225
182 210
85 188
45 7
202 260
218 185
217 25
182 74
219 107
116 79
55 118
185 159
124 236
44 214
251 98
41 57
215 239
265 53
144 165
184 64
169 154
50 61
165 244
74 217
11 109
162 157
130 151
232 84
166 254
202 16
160 267
118 9
130 53
241 106
130 183
220 11
244 239
16 227
257 92
143 132
256 80
44 232
212 159
5 87
16 153
162 260
127 194
199 61
182 53
33 137
129 70
227 154
202 236
182 10
162 53
78 139
111 153
33 108
232 258
39 146
28 217
173 154
144 146
230 149
83 137
198 68
136 231
55 143
216 218
93 43
81 139
198 176
23 165
134 199
83 249
130 246
45 130
148 22
232 224
93 151
163 24
223 184
209 71
139 225
240 241
45 102
144 157
142 202
72 159
72 231
216 203
211 69
11 165
242 90
69 132
83 214
45 69
214 225
198 154
207 132
125 106
8 94
117 91
253 38
12 89
163 5
165 70
177 118
134 172
233 47
133 247
74 29
198 23
32 57
109 190
188 37
58 53
52 70
202 94
190 165
247 105
69 120
57 157
260 154
185 64
20 135
147 245
130 70
239 135
230 181
172 181
202 253
208 248
223 17
53 192
18 61
16 253
36 42
92 135
124 154
260 52
134 190
4 237
125 62
81 102
96 151
23 190
215 99
123 102
39 161
149 106
230 189
106 75
220 235
132 120
45 8
177 47
213 184
268 121
85 21
132 238
192 140
202 120
270 189
207 103
3 203
83 182
169 109
4 108
217 222
78 61
23 155
5 21
2 66
39 120
42 3
39 153
151 135
110 231
8 139
58 132
261 62
154 252
13 9
51 231
204 187
58 225
179 89
243 146
162 2
267 231
261 106
195 211
32 176
193 154
190 2
227 94
207 231
172 180
134 104
233 257
109 146
123 9
32 227
154 238
45 232
20 185
11 59
268 208
44 258
166 227
134 62
204 45
83 190
30 66
165 210
133 141
52 237
110 223
169 161
85 144
98 17
264 51
3 49
219 238
228 206
128 203
4 267
132 223
177 159
144 121
218 101
195 225
143 119
146 161
45 94
153 236
255 242
13 33
247 217
153 94
45 154
134 153
53 155
243 50
183 2
57 107
253 124
260 253
118 67
19 117
16 173
185 212
119 106
72 255
176 14
11 115
259 137
168 269
109 165
41 198
95 217
134 121
150 239
119 225
18 212
33 245
214 91
219 69
22 6
172 118
32 165
11 87
175 14
78 7
33 192
239 161
68 238
256 161
132 61
260 2
189 158
149 24
216 128
134 132
142 183
165 107
20 270
256 14
249 67
109 227
244 59
146 155
210 157
134 256
69 202
175 35
199 102
247 264
191 116
58 231
123 112
22 155
75 62
270 124
145 38
156 34
11 146
41 85
69 238
183 203
230 13
191 154
175 115
162 16
151 71
8 7
195 154
120 92
5 29
33 130
172 66
170 237
187 173
8 173
104 183
110 64
241 117
83 19
134 4
198 113
270 154
220 97
94 236
45 173
242 49
142 159
45 144
34 57
247 25
83 192
258 98
145 6
18 32
169 173
11 57
41 156
20 3
219 169
192 14
257 98
11 82
18 47
128 183
199 113
85 116
81 92
113 153
163 41
124 227
269 194
192 66
249 91
91 225
74 95
251 92
28 157
241 225
111 67
160 59
241 180
125 225
270 81
255 26
86 108
261 91
82 144
173 176
248 146
162 32
82 165
109 144
260 117
215 38
143 117
148 228
189 176
8 253
12 77
191 20
92 136
37 35
268 182
45 238
106 203
255 103
264 217
41 92
153 239
37 66
165 157
132 183
246 2
45 16
153 48
213 98
259 206
111 187
22 136
42 254
11 53
164 264
95 28
240 119
136 14
118 225
127 263
78 72
195 137
193 39
60 217
190 244
218 159
198 126
193 19
11 169
111 235
198 235
6 135
256 121
268 144
23 130
9 67
123 57
11 271
125 33
41 65
260 248
243 153
126 153
143 106
32 109
23 129
4 244
268 82
82 70
53 236
93 188
69 154
144 37
233 237
12 179
130 104
207 196
218 3
22 242
24 62
190 104
202 146
215 135
212 173
27 61
226 112
130 165
92 161
93 135
24 106
30 35
28 158
28 25
199 14
126 50
216 9
102 26
250 112
172 106
174 245
256 57
121 2
268 146
267 239
39 69
69 7
237 128
23 66
64 128
108 222
69 169
225 48
137 192
243 94
148 128
74 164
251 257
32 120
228 52
132 102
73 239
232 212
39 16
256 129
219 187
53 165
56 54
240 132
193 132
209 222
91 115
107 70
231 203
271 154
42 90
143 170
51 3
111 203
163 198
222 62
117 225
204 111
109 61
249 62
15 223
230 251
187 246
117 62
223 242
81 153
16 127
173 252
53 105
173 175
166 266
83 143
134 108
11 223
212 203
199 243
267 59
156 260
248 53
10 82
189 173
193 75
130 57
134 150
123 242
34 165
28 60
214 106
163 156
112 9
165 129
174 226
123 226
45 202
142 19
218 27
259 183
211 116
116 14
212 128
111 158
53 129
117 75
251 45
199 109
83 48
151 37
142 192
123 118
75 203
193 129
216 118
180 73
130 99
121 146
268 57
149 49
270 53
8 92
173 66
94 146
165 66
130 192
169 136
253 239
153 235
242 26
32 53
212 3
226 118
253 92
13 218
164 222
169 236
160 99
163 161
102 161
82 129
107 146
85 170
7 154
149 241
51 47
39 257
63 247
85 238
132 146
160 121
55 33
22 51
227 139
55 123
146 252
251 225
69 227
16 238
166 53
202 92
162 222
260 102
255 166
132 57
57 190
124 102
172 130
130 107
13 192
186 59
193 8
174 112
23 70
144 129
85 127
39 7
219 236
44 249
72 51
133 210
149 220
215 73
259 271
168 147
95 222
111 185
180 225
82 2
182 2
8 270
36 178
236 99
202 139
11 132
213 166
57 243
33 48
255 70
105 264
96 197
177 51
186 180
268 157
94 102
231 90
85 142
195 180
168 194
127 47
156 244
11 227
199 87
11 104
73 267
47 203
219 45
33 117
163 256
243 87
53 92
154 102
170 151
4 14
173 87
81 154
134 187
162 121
166 17
199 176
108 183
182 157
144 253
172 129
202 38
83 53
208 146
160 109
256 83
262 165
23 157
213 158
34 155
241 62
146 66
53 146
107 155
158 271
109 59
8 124
55 83
132 7
32 82
210 146
169 238
51 203
45 92
123 67
219 270
148 18
59 99
87 61
219 227
109 57
213 39
220 3
106 62
220 47
32 259
53 102
125 193
238 115
269 245
243 116
132 119
42 84
18 185
16 154
153 266
8 169
91 62
218 64
244 99
215 145
162 144
162 182
41 228
92 38
183 48
83 112
219 154
83 67
193 23
220 61
132 92
181 127
257 17
256 104
268 70
169 120
85 61
147 19
134 129
16 169
211 111
256 242
130 157
24 118
134 173
28 101
172 2
259 239
74 53
23 2
109 153
59 61
34 107
72 177
188 151
181 48
271 61
7 139
209 123
20 108
79 49
53 227
11 66
4 111
204 155
195 177
169 118
256 33
216 32
129 107
195 48
69 153
256 165
153 53
116 171
82 130
57 121
251 30
226 67
51 128
32 87
256 105
142 218
81 238
121 104
235 50
236 14
47 3
111 189
69 223
156 183
29 242
165 61
123 194
55 130
189 94
34 10
95 264
151 115
24 119
236 102
268 129
269 166
163 228
101 14
42 178
162 4
198 50
102 38
156 130
231 159
85 35
184 128
174 9
81 137
83 117
202 169
270 238
67 225
51 161
39 98
43 151
10 157
148 203
51 258
182 95
143 225
199 111
195 199
69 270
223 154
170 249
109 130
23 143
195 220
202 115
253 236
228 181
43 188
50 87
45 81
33 66
270 260
148 51
11 121
181 137
172 190
5 240
144 2
81 124
140 48
94 238
227 7
32 130
39 17
148 72
8 16
85 243
185 3
143 75
58 253
34 132
172 235
190 53
163 130
11 153
202 227
162 5
189 3
132 62
236 38
193 240
57 165
182 155
181 241
111 267
176 87
145 73
121 37
156 228
23 144
18 159
72 128
134 72
203 159
18 227
12 84
57 70
227 38
257 139
193 91
153 50
134 161
199 235
142 220
45 169
213 223
23 121
9 183
177 231
16 124
174 67
235 94
149 225
187 115
126 176
56 245
270 145
125 118
172 33
69 32
83 119
202 132
237 27
251 259
45 153
69 92
177 185
199 50
207 223
124 139
125 240
240 117
28 264
81 120
242 231
231 17
215 190
112 67
18 64
85 260
120 136
210 141
24 91
134 193
157 171
132 53
69 58
11 190
32 116
231 128
202 154
53 210
9 61
157 70
130 124
148 69
119 214
191 223
85 169
248 157
260 137
81 236
134 94
125 91
2 155
6 225
250 118
250 83
260 252
260 238
111 14
58 92
134 14
111 115
10 244
185 184
267 99
23 182
181 117
212 139
261 249
41 197
190 70
39 51
32 107
20 17
142 206
101 183
189 26
74 137
125 203
99 61
190 239
160 146
75 225
258 103
85 96
219 5
125 9
101 235
181 259
222 146
128 159
142 177
225 140
156 2
94 47
261 2
19 51
248 155
154 38
236 135
255 183
211 209
35 115
119 117
57 146
158 14
16 53
164 217
8 154
119 261
58 221
213 64
13 180
42 232
187 237
189 218
18 184
32 61
5 170
53 246
213 242
167 254
34 2
36 255
163 57
11 116
34 70
183 14
182 70
266 245
127 245
92 236
193 117
33 180
156 48
129 210
53 2
202 238
178 89
158 242
240 249
201 99
260 29
41 5
134 180
190 129
50 94
22 231
126 94
69 236
235 267
142 128
160 73
50 176
96 170
82 190
18 203
228 180
236 238
169 124
218 184
162 155
219 102
24 241
220 22
112 118
260 227
182 260
45 139
149 181
102 238
133 155
120 221
84 258
179 99
193 24
4 18
45 136
168 245
172 104
260 11
108 14
173 61
174 194
220 218
92 225
109 235
256 66
134 140
160 61
186 73
81 169
203 62
240 106
240 261
260 146
134 179
5 171
23 75
104 66
186 99
253 227
149 168
219 16
210 155
142 3
11 176
117 222
215 244
33 190
215 267
182 67
214 117
230 14
22 203
256 130
270 227
198 87
240 62
118 236
10 95
200 65
127 258
85 37
55 67
134 126
218 183
172 5
242 183
173 266
22 135
165 183
44 62
5 35
34 82
51 212
39 208
183 225
105 217
270 253
32 66
126 243
69 253
34 74
116 35
53 157
194 245
169 38
85 109
16 109
83 24
126 68
132 194
178 84
177 203
81 48
204 133
120 139
157 146
55 233
138 225
253 7
270 132
260 237
10 165
259 192
128 47
148 257
117 2
30 247
58 154
220 242
34 190
172 83
260 225
113 87
4 211
142 117
108 116
52 146
32 115
162 107
94 61
23 127
256 2
4 248
181 192
102 239
248 66
85 161
116 267
130 137
104 2
82 137
227 92
116 92
73 59
32 253
137 48
8 38
166 132
187 94
144 190
121 99
132 236
185 128
107 115
125 226
255 152
82 57
191 17
95 164
162 6
162 246
111 50
78 206
148 105
53 244
260 166
85 151
32 146
214 261
109 53
126 61
69 115
172 256
173 94
23 34
63 187
113 68
43 37
185 225
179 101
195 111
92 7
74 264
97 223
57 2
28 247
134 53
94 176
157 3
22 128
106 225
13 27
173 235
60 222
106 249
219 38
255 154
131 68
85 202
261 212
70 2
223 231
199 68
95 105
259 140
49 225
32 190
248 210
190 157
28 164
180 104
72 185
118 106
177 137
131 200
60 105
53 173
193 106
29 115
20 218
194 6
220 187
24 261
116 187
33 259
116 183
142 51
33 91
20 220