909448512 3540252020
1255681598 2900069911
2168926770 2463372692
54972518 102720871
15726728 39651952
2906184297 718053110120230912
794319576 4773751142
2383974547 4092592398
718048236464775168 718053110120230912
2493993336 2778043482
4789821192 4832829425
336262922 872988384
19099691 41447957
9570042 636188854
2981867411 4138125855
724012883911282688 724013973364969472
317871841 1323390174
26247164 522789623
182150399 2891172955
112887188 4381013833
3285064628 3299478487
4618798513 700660894376669184
717594557643239424 717595062348095488
549557055 2789871586
3791875347 3804809115
292500246 3314142343
2830575951 3008540197
17586312 2999234655
576215318 3381686297
231016300 283737023
1305669925 2985850271
30446521 3343144372
122490247 721979236450349056
2266131546 2288462990
2209278198 2437126286
387560041 392628160
379092504 2506244166
460711368 1272031254
2906833726 4844753411
20521204 2273347993
213320007 1424706079
16924832 1301364216
3677825412 3767617768
430582181 703136774
191989793 2506583524
16476911 2253477378
3156880512 3254864430
77188058 1512965828
708894654826086400 710528048932651008
708143167137185792 708148242748342272
19735514 4858753947
75222243 544012988
1022402028 1031999676
3184018082 713949416172879872
6573302 26446817
3383539486 4828619987
70813256 3238825157
1063318705 704339663511789568
707116875197460480 708727189294821376
3184101140 3573450973
46760519 4655399352
716713960347607040 716714347859300352
93165432 129716696
84771675 3025348116
359623954 3363017128
82214848 774053246
723468181432463360 723469022013063168
198212042 2985413526
4067796618 704321652855869440
14179278 393705173
716804908184244224 716806817326567424
250821910 759237386
567928070 2397723166
1090954574 3002732058
87695816 1486333788
1309584812 4552731863
2305251680 702450391263395840
1584532171 2172339469
115065053 2821091319
14823647 322535651
21533462 786764389
96690599 144065119
25093470 363323576
31197002 2373734034
136069644 3372016275
3438849673 4708845912
96399803 102147309
2419899216 2553432032
20630658 171630294
2505070532 2545567675
2520738264 3198131307
2394136388 3607298172
14521926 28162557
3262783646 3866905749
2544061142 2592057295
124738430 2509663388
3232695874 707116875197460480
2178920484 2700896623
2383268815 2385240182
3677825412 3756322953
28184220 528945637
2155178678 2778043482
40481058 756740515
23996909 476172271
18038375 20377723
723477719107796992 723478874072338432
2510036459 3502723632
220573077 3079603598
717597179649605632 717599957453316096
570335125 1707546631
270064609 398201923
37781226 4642748353
15075999 22049571
1389624325 2207239916
59750960 146306987
126734189 257687575
102720871 124618913
118711987 138774066
4077113906 4237182792
82601058 721661231858364416
100472536 1338911912
12810582 47407278
2643531235 4507147939
3702666552 3776097134
389473754 2520727820
181555311 2485811094
832422451 2462124608
103088500 1183287138
2512158529 3276956724
842765035 850511478
232932965 2861151808
385986114 2265518118
350805948 1194426776
177538621 2952343393
716716068690124800 716716489924034560
2362540465 3220482164
40241122 1755462680
517281715 3041194069
384233102 2174853163
595085654 3131971197
1934257548 2971423072
3187596034 3262090180
3666447732 3825521240
364416128 568063857
2783789930 4694102066
3266856037 3985438453
629812486 704671406
366094128 2896598653
15682552 440598358
360307202 486251548
103028604 328255481
328837184 2152894551
489512061 1058206700
264907822 1078423556
159107732 1060759970
1611695522 2717697042
1207171040 4650327799
915689629 2393657810
3730493293 3804807701
1893627084 2273793692
2254213975 2977548644
1659983394 3170718867
329029726 3103747568
1252808496 1301715296
225112639 4301337319
2906087955 3251217387
394015591 1491845431
1914556004 2393151230
2437126286 3564586882
54065567 751281974
57582361 2209592418
468410843 3001358478
718298321371193344 718538738268299264
785881632 2341341353
154154737 4701403645
243875915 379859811
292442747 3044637198
882898152 1206508063
4166001674 4176738492
3463241362 720054910184787968
2906184297 4745900275
30261067 486864604
3102638448 4773751142
723477719107796992 723479628598284288
64242521 4825911439
208385814 429989103
92578436 2283468493
3184833355 708748797606649856
93165432 2634706218
175636363 3288964514
1255681598 3148282236
425253317 1351995439
371969776 2730260581
534450755 707430593081040896
2950173414 2979520710
101871850 432540408
16200202 351876751
79846167 962309910
705926906 806762486
18843521 2272351082
104834579 129716696
723436901412171776 723437737290813440
418807209 2875552446
200959358 1163216629
2197211915 702200373172428800
708624278845915136 709050379653160960
1916761207 2547475502
104834579 240424452
27973318 876020694
740394500 1372364840
3034838857 4820555778
707116875197460480 709050379653160960
2317661245 2745508573
356858959 2720963112
4891311432 719118837732356096
3132768066 3383036620
744029900 959635009
1090716169 4286285058
1487525209 3948762256
20163762 35203319
308130306 964546038
70279977 2349696816
944416800 1282864915
19934434 1091824081
2208440545 2346495564
713250674390097920 713823847162597376
2359577365 3299478487
332240346 777335611
3196772510 722229129727193088
2525576154 4773088194
723975007911571456 723976454501863424
708611157787979776 708648807936827392
708238064 2344317207
37545948 44137871
316607724 4884674170
2949236017 701014663136305152
2604459826 3015370299
288464650 3169405363
106707867 705071958753292288
723461409401524224 723461848322830336
4376551574 4376632094
149134376 4237698801
1306330303 2194299203
1279355047 2941458973
248728207 722696204
94891340 120041465
354512623 367538716
343057789 4785247932
716896450869731328 716897945241542656
592033993 864983995
569646067 612654945
3232756474 709054855222939648
623682172 1548001632
3309525150 723639752419741696
740646690 3102380928
184396496 3491460618
716735846649430016 716736996014620672
490979555 2744237011
3825521240 3866970143
365983894 1575052392